963509765
925617072
701850685
391172501
587205134
836417280
914050601
984529738
979831555
378795149
321544544
813429964
862516100
598529686
981888220
986920645
962360258
788007909
869964161
772085850
847226425
944217320
338935352
811966756
374378435
928176590
841410732
796078034
946324831
585924365
591654761
931193316
354732790
331288304
765045590
822425381
347058111
585634298
841815999
373494662
383822613
962574537
701215674
867143880
839790279
773912336
355320014
782039223
926587139
909164321
971547163
916629775
815729005
847878247
568321304
379587934
942541100
911975045
927475780
394018172
812240794
858188264
822010547
392483125
891495464
701561776
356566318
371221572
915898513
976674669
961622829
979241694
773125737
395486476
867392164
985501427
819427546
897383500
857865660
336828486
796307255
864429112
564150459
821862031
991612354
901628341
944786848
838853713
821691801
382834416
794616634
863198992
362878824
397854365
995707176
341074385
353988162
978722207
979111113
561616205
844477130
859495923
355852412
926106173
871031776
825655786
381496561
565905494
848407319
563624428
817778886
923402550
864380081
922137253
587312479
916391907
944069424
584964168
373037906
781964826
395318468
909736836
947561900
346064056
979553347
996935622
874940564
582283187
584154522
799748347
819064703
882148634
396878491
329124317
761867615
899838779
705088342
971271389
358775396
879860656
777282838
788736729
835198725
394305992
776464023
925830197
781651458
379468054
909312090
893790952
905905925
862144498
814434683
383346713
915758297
334300467
945286202
873199976
585794259
906911992
379462840
356048799
375873879
888609251
821771172
849932729
708166909
345429175
945935882
705589022
355539756
838951957
826013021
777592246
328627165
379567060
971130181
891985602
346797617
859610221
596175694
882973924
588113518
904255441
596490028
598777229
592948776
352494496
831479546
847779843
917716303
844348217
773376024
786563935
339280315
771642872
915142957
896092341
814431753
773228460
701573796
885771351
339068475
354640983
925374380
972469615
948814944
322070860
925252829
873292607
926490294
781548293
888772183
983113717
348223615
938478534
